Using model: ResNet101.
RUN ID: 2025-05-06_13:59:39
Test fold: 0

Restoring model weights from the end of the best epoch: 4.
Fold 0 Evaluation results: [3.392367362976074, 0.10668789595365524]
              precision    recall  f1-score   support

        1820       0.00      0.00      0.00        62
        1821       0.00      0.00      0.00        57
        1822       0.00      0.00      0.00         1
        1823       0.00      0.00      0.00         1
        1824       0.00      0.00      0.00         1
        1825       0.00      0.00      0.00         3
        1826       0.00      0.00      0.00         2
        1827       0.00      0.00      0.00        25
        1828       0.00      0.00      0.00         1
        1829       0.00      0.00      0.00         5
        1830       0.00      0.00      0.00        56
        1831       0.11      1.00      0.19       134
        1832       0.00      0.00      0.00        67
        1833       0.00      0.00      0.00        19
        1834       0.00      0.00      0.00        29
        1835       0.00      0.00      0.00         2
        1836       0.00      0.00      0.00         4
        1837       0.00      0.00      0.00         6
        1838       0.00      0.00      0.00         3
        1839       0.00      0.00      0.00         1
        1840       0.00      0.00      0.00        43
        1841       0.00      0.00      0.00       108
        1842       0.00      0.00      0.00         6
        1843       0.00      0.00      0.00         6
        1844       0.00      0.00      0.00         1
        1845       0.00      0.00      0.00         1
        1846       0.00      0.00      0.00         6
        1847       0.00      0.00      0.00         2
        1848       0.00      0.00      0.00         5
        1849       0.00      0.00      0.00         6
        1850       0.00      0.00      0.00        48
        1851       0.00      0.00      0.00        77
        1852       0.00      0.00      0.00         7
        1853       0.00      0.00      0.00         7
        1854       0.00      0.00      0.00         3
        1855       0.00      0.00      0.00        23
        1856       0.00      0.00      0.00        12
        1857       0.00      0.00      0.00        30
        1858       0.00      0.00      0.00         2
        1859       0.00      0.00      0.00         2
        1860       0.00      0.00      0.00        65
        1861       0.00      0.00      0.00        85
        1862       0.00      0.00      0.00        19
        1863       0.00      0.00      0.00        19
        1864       0.00      0.00      0.00        17
        1865       0.00      0.00      0.00         7
        1866       0.00      0.00      0.00         5
        1867       0.00      0.00      0.00        11
        1868       0.00      0.00      0.00         7
        1869       0.00      0.00      0.00         5
        1870       0.00      0.00      0.00        31
        1871       0.00      0.00      0.00        49
        1872       0.00      0.00      0.00         7
        1873       0.00      0.00      0.00        10
        1874       0.00      0.00      0.00         5
        1875       0.00      0.00      0.00        14
        1876       0.00      0.00      0.00        10
        1877       0.00      0.00      0.00         5
        1878       0.00      0.00      0.00         9
        1879       0.00      0.00      0.00         2

    accuracy                           0.11      1256
   macro avg       0.00      0.02      0.00      1256
weighted avg       0.01      0.11      0.02      1256

Macro avg F1: 0.003
Weighted avg F1: 0.021
Micro avg F1: 0.107
Top-3 Accuracy: 0.260
Top-5 Accuracy: 0.375
Micro ROC AUC  = 0.82
Macro ROC AUC (present classes) = 0.50
Classification MAE (in years): 17.22
Metrics: {'accuracy': 0.10668789595365524, 'mae_years': np.float64(17.21815286624204)}
Total running time: 0 hours, 21 minutes, 30 seconds

Using model: NASNetMobile.
RUN ID: 2025-05-06_13:59:21
Test fold: 0
Epoch 36: early stopping
Restoring model weights from the end of the best epoch: 32.
Fold 0 Evaluation results: [2.10726261138916, 0.3980891704559326]
              precision    recall  f1-score   support

        1820       0.37      0.42      0.39        62
        1821       0.59      0.74      0.66        57
        1822       0.00      0.00      0.00         1
        1823       0.00      0.00      0.00         1
        1824       0.00      0.00      0.00         1
        1825       0.00      0.00      0.00         3
        1826       0.00      0.00      0.00         2
        1827       0.40      0.08      0.13        25
        1828       0.00      0.00      0.00         1
        1829       0.00      0.00      0.00         5
        1830       0.24      0.57      0.34        56
        1831       0.73      0.74      0.74       134
        1832       0.62      0.64      0.63        67
        1833       1.00      0.16      0.27        19
        1834       0.28      0.38      0.32        29
        1835       0.00      0.00      0.00         2
        1836       0.00      0.00      0.00         4
        1837       0.00      0.00      0.00         6
        1838       0.00      0.00      0.00         3
        1839       0.00      0.00      0.00         1
        1840       0.33      0.30      0.32        43
        1841       0.48      0.36      0.41       108
        1842       0.00      0.00      0.00         6
        1843       0.00      0.00      0.00         6
        1844       0.00      0.00      0.00         1
        1845       0.00      0.00      0.00         1
        1846       0.00      0.00      0.00         6
        1847       0.00      0.00      0.00         2
        1848       0.00      0.00      0.00         5
        1849       0.00      0.00      0.00         6
        1850       0.30      0.52      0.38        48
        1851       0.54      0.43      0.48        77
        1852       0.00      0.00      0.00         7
        1853       0.00      0.00      0.00         7
        1854       0.00      0.00      0.00         3
        1855       0.25      0.22      0.23        23
        1856       0.29      0.58      0.39        12
        1857       0.23      0.27      0.25        30
        1858       0.00      0.00      0.00         2
        1859       0.00      0.00      0.00         2
        1860       0.14      0.32      0.20        65
        1861       0.47      0.64      0.54        85
        1862       0.00      0.00      0.00        19
        1863       0.40      0.11      0.17        19
        1864       0.00      0.00      0.00        17
        1865       0.00      0.00      0.00         7
        1866       0.00      0.00      0.00         5
        1867       0.00      0.00      0.00        11
        1868       0.00      0.00      0.00         7
        1869       0.00      0.00      0.00         5
        1870       0.10      0.06      0.08        31
        1871       0.34      0.59      0.43        49
        1872       0.00      0.00      0.00         7
        1873       0.00      0.00      0.00        10
        1874       0.00      0.00      0.00         5
        1875       0.00      0.00      0.00        14
        1876       0.67      0.40      0.50        10
        1877       0.00      0.00      0.00         5
        1878       0.00      0.00      0.00         9
        1879       0.00      0.00      0.00         2

    accuracy                           0.40      1256
   macro avg       0.15      0.14      0.13      1256
weighted avg       0.37      0.40      0.37      1256

Macro avg F1: 0.131
Weighted avg F1: 0.366
Micro avg F1: 0.398
Top-3 Accuracy: 0.656
Top-5 Accuracy: 0.744
Micro ROC AUC  = 0.95
Macro ROC AUC (present classes) = 0.89
Classification MAE (in years): 6.45
Metrics: {'accuracy': 0.3980891704559326, 'mae_years': np.float64(6.453821656050955)}
Total running time: 1 hours, 11 minutes, 37 seconds

Using model: InceptionV3.
RUN ID: 2025-05-06_16:17:53
Test fold: 0
Fine Tuning!