Using model: ResNet101.
Restoring model weights from the end of the best epoch: 21.
Fold 0 Evaluation results: [2.962355852127075, 0.1958598792552948]
              precision    recall  f1-score   support

        1820       0.00      0.00      0.00        62
        1821       0.00      0.00      0.00        57
        1822       0.00      0.00      0.00         1
        1823       0.00      0.00      0.00         1
        1824       0.00      0.00      0.00         1
        1825       0.00      0.00      0.00         3
        1826       0.00      0.00      0.00         2
        1827       0.00      0.00      0.00        25
        1828       0.00      0.00      0.00         1
        1829       0.00      0.00      0.00         5
        1830       0.06      0.02      0.03        56
        1831       0.41      0.93      0.57       134
        1832       0.18      0.69      0.28        67
        1833       0.00      0.00      0.00        19
        1834       0.00      0.00      0.00        29
        1835       0.00      0.00      0.00         2
        1836       0.00      0.00      0.00         4
        1837       0.00      0.00      0.00         6
        1838       0.00      0.00      0.00         3
        1839       0.00      0.00      0.00         1
        1840       0.00      0.00      0.00        43
        1841       0.15      0.22      0.18       108
        1842       0.00      0.00      0.00         6
        1843       0.00      0.00      0.00         6
        1844       0.00      0.00      0.00         1
        1845       0.00      0.00      0.00         1
        1846       0.00      0.00      0.00         6
        1847       0.00      0.00      0.00         2
        1848       0.00      0.00      0.00         5
        1849       0.00      0.00      0.00         6
        1850       0.00      0.00      0.00        48
        1851       0.00      0.00      0.00        77
        1852       0.00      0.00      0.00         7
        1853       0.00      0.00      0.00         7
        1854       0.00      0.00      0.00         3
        1855       0.00      0.00      0.00        23
        1856       0.00      0.00      0.00        12
        1857       0.00      0.00      0.00        30
        1858       0.00      0.00      0.00         2
        1859       0.00      0.00      0.00         2
        1860       0.05      0.11      0.07        65
        1861       0.12      0.51      0.19        85
        1862       0.00      0.00      0.00        19
        1863       0.00      0.00      0.00        19
        1864       0.00      0.00      0.00        17
        1865       0.00      0.00      0.00         7
        1866       0.00      0.00      0.00         5
        1867       0.00      0.00      0.00        11
        1868       0.00      0.00      0.00         7
        1869       0.00      0.00      0.00         5
        1870       0.00      0.00      0.00        31
        1871       0.00      0.00      0.00        49
        1872       0.00      0.00      0.00         7
        1873       0.00      0.00      0.00        10
        1874       0.00      0.00      0.00         5
        1875       0.00      0.00      0.00        14
        1876       0.00      0.00      0.00        10
        1877       0.00      0.00      0.00         5
        1878       0.00      0.00      0.00         9
        1879       0.00      0.00      0.00         2

    accuracy                           0.20      1256
   macro avg       0.02      0.04      0.02      1256
weighted avg       0.08      0.20      0.11      1256

Macro avg F1: 0.022
Weighted avg F1: 0.109
Micro avg F1: 0.196
Top-3 Accuracy: 0.384
Top-5 Accuracy: 0.511
Classification MAE (in years): 12.57
Micro ROC AUC  = 0.88
Macro ROC AUC (present classes) = 0.74
Metrics: {'accuracy': 0.1958598792552948}
Total running time: 1 hours, 0 minutes, 43 seconds

Using model: NASNetMobile.
Restoring model weights from the end of the best epoch: 19.
Fold 0 Evaluation results: [2.2098941802978516, 0.381369411945343]
              precision    recall  f1-score   support

        1820       0.52      0.66      0.58        62
        1821       0.71      0.68      0.70        57
        1822       0.00      0.00      0.00         1
        1823       0.00      0.00      0.00         1
        1824       0.00      0.00      0.00         1
        1825       0.00      0.00      0.00         3
        1826       0.00      0.00      0.00         2
        1827       0.33      0.08      0.13        25
        1828       0.00      0.00      0.00         1
        1829       0.00      0.00      0.00         5
        1830       0.23      0.54      0.32        56
        1831       0.80      0.79      0.80       134
        1832       0.37      0.61      0.46        67
        1833       0.57      0.21      0.31        19
        1834       0.00      0.00      0.00        29
        1835       0.00      0.00      0.00         2
        1836       0.00      0.00      0.00         4
        1837       0.00      0.00      0.00         6
        1838       0.00      0.00      0.00         3
        1839       0.00      0.00      0.00         1
        1840       0.19      0.47      0.26        43
        1841       0.53      0.47      0.50       108
        1842       0.00      0.00      0.00         6
        1843       0.00      0.00      0.00         6
        1844       0.00      0.00      0.00         1
        1845       0.00      0.00      0.00         1
        1846       0.00      0.00      0.00         6
        1847       0.00      0.00      0.00         2
        1848       0.00      0.00      0.00         5
        1849       0.00      0.00      0.00         6
        1850       0.18      0.44      0.25        48
        1851       0.61      0.48      0.54        77
        1852       0.00      0.00      0.00         7
        1853       0.00      0.00      0.00         7
        1854       0.00      0.00      0.00         3
        1855       0.25      0.04      0.07        23
        1856       0.40      0.33      0.36        12
        1857       0.27      0.20      0.23        30
        1858       0.00      0.00      0.00         2
        1859       0.00      0.00      0.00         2
        1860       0.15      0.31      0.20        65
        1861       0.60      0.25      0.35        85
        1862       0.00      0.00      0.00        19
        1863       0.22      0.11      0.14        19
        1864       0.00      0.00      0.00        17
        1865       0.00      0.00      0.00         7
        1866       0.00      0.00      0.00         5
        1867       0.00      0.00      0.00        11
        1868       0.00      0.00      0.00         7
        1869       0.00      0.00      0.00         5
        1870       0.14      0.29      0.19        31
        1871       0.47      0.41      0.43        49
        1872       0.00      0.00      0.00         7
        1873       0.00      0.00      0.00        10
        1874       0.00      0.00      0.00         5
        1875       0.31      0.29      0.30        14
        1876       0.00      0.00      0.00        10
        1877       0.00      0.00      0.00         5
        1878       0.00      0.00      0.00         9
        1879       0.00      0.00      0.00         2

    accuracy                           0.38      1256
   macro avg       0.13      0.13      0.12      1256
weighted avg       0.38      0.38      0.36      1256

Macro avg F1: 0.119
Weighted avg F1: 0.357
Micro avg F1: 0.381
Top-3 Accuracy: 0.650
Top-5 Accuracy: 0.738
Classification MAE (in years): 7.04
Micro ROC AUC  = 0.94
Macro ROC AUC (present classes) = 0.89
Metrics: {'accuracy': 0.381369411945343}
Total running time: 0 hours, 48 minutes, 51 seconds